initMoves    BFS     TilesOutOfPlace     Manhattan
20           1342          27                27
40           380435        228               80
60                         47701             971
80                         36836             593
100                        1603583           10729
120                        454163            4394
150                                          81304
200                                          73650
250                                          283373
300                                          1976916
350                                          3423815   --  (a little past 30)
400                                                 